Xmin = -1.000000
Xmax = 1.000000
Ymin = 0.000000
Ymax = 1.000000
n1 = 200
dt = 0.100000
file = "position(N=300)"
